1.001761
0.324352
0.999612
0.989095
0.170882
0.507015
0.677955
0.823977
0.148001
-0.312179
0.680286
-0.097489
0.675359
0.737159
-0.222992
0.206363
0.194546
0.376831
-0.104505
-0.042716
0.971246
0.297531
0.966836
0.942739
0.119827
0.414191
0.527839
0.745524
0.164242
0.007078
0.324352
1.001761
0.330113
0.321651
-0.023430
0.237119
0.302950
0.293981
0.071527
-0.076572
0.276354
0.387038
0.282169
0.260302
0.006625
0.192313
0.143545
0.164139
0.009143
0.054553
0.353194
0.913650
0.358670
0.344151
0.077640
0.278319
0.301555
0.295836
0.105193
0.119415
0.999612
0.330113
1.001761
0.988244
0.207643
0.557917
0.717396
0.852475
0.183349
-0.261937
0.692983
-0.086914
0.694355
0.746294
-0.203051
0.251185
0.228484
0.407934
-0.081773
-0.005533
0.971183
0.303572
0.972095
0.943207
0.150814
0.456577
0.564872
0.772599
0.189448
0.051108
0.989095
0.321651
0.988244
1.001761
0.177340
0.499379
0.687191
0.824718
0.151559
-0.283608
0.733852
-0.066397
0.727908
0.801495
-0.167070
0.212957
0.208026
0.372976
-0.072624
-0.019922
0.964441
0.287995
0.960808
0.960902
0.123740
0.391098
0.513508
0.723288
0.143823
0.003744
0.170882
-0.023430
0.207643
0.177340
1.001761
0.660284
0.522903
0.554670
0.558757
0.585822
0.301998
0.068527
0.296613
0.246987
0.332961
0.319505
0.248833
0.381346
0.201128
0.284106
0.213495
0.036135
0.239273
0.207082
0.806742
0.473300
0.435691
0.503939
0.395004
0.500195
0.507015
0.237119
0.557917
0.499379
0.660284
1.001761
0.884675
0.832598
0.603702
0.566364
0.498349
0.046286
0.549872
0.456455
0.135537
0.740022
0.571521
0.643393
0.230381
0.508211
0.536258
0.248570
0.591250
0.510501
0.566537
0.867333
0.817712
0.817009
0.511122
0.688593
0.677955
0.302950
0.717396
0.687191
0.522903
0.884675
1.001761
0.923013
0.501548
0.337376
0.633037
0.076353
0.661553
0.618514
0.098737
0.671459
0.692487
0.684463
0.178323
0.450092
0.689448
0.300407
0.730849
0.677177
0.449612
0.756297
0.885659
0.862839
0.410185
0.515836
0.823977
0.293981
0.852475
0.824718
0.554670
0.832598
0.923013
1.001761
0.463312
0.167211
0.699279
0.021517
0.711901
0.691514
0.027702
0.491288
0.439940
0.616718
0.095519
0.258037
0.831779
0.293267
0.857430
0.811055
0.453550
0.668629
0.753724
0.911758
0.376406
0.369310
0.148001
0.071527
0.183349
0.151559
0.558757
0.603702
0.501548
0.463312
1.001761
0.480766
0.303913
0.128278
0.314445
0.224365
0.187651
0.422402
0.343230
0.393990
0.449927
0.332370
0.186055
0.090810
0.219554
0.177505
0.427426
0.474033
0.434485
0.431054
0.701058
0.439185
-0.312179
-0.076572
-0.261937
-0.283608
0.585822
0.566364
0.337376
0.167211
0.480766
1.001761
0.000111
0.164463
0.039900
-0.090329
0.402672
0.560822
0.447417
0.341799
0.345615
0.689343
-0.254138
-0.051359
-0.205512
-0.232263
0.505831
0.459606
0.346843
0.175634
0.334607
0.768648
0.680286
0.276354
0.692983
0.733852
0.301998
0.498349
0.633037
0.699279
0.303913
0.000111
1.001761
0.213623
0.974506
0.953506
0.164804
0.356691
0.332943
0.514250
0.240991
0.228155
0.716324
0.195142
0.720951
0.752872
0.142168
0.287609
0.381255
0.531997
0.094709
0.049647
-0.097489
0.387038
-0.086914
-0.066397
0.068527
0.046286
0.076353
0.021517
0.128278
0.164463
0.213623
1.001761
0.223564
0.111764
0.397942
0.232108
0.195342
0.230689
0.412345
0.280215
-0.111887
0.409723
-0.102422
-0.083341
-0.073787
-0.092602
-0.069078
-0.119848
-0.128440
-0.045735
0.675359
0.282169
0.694355
0.727908
0.296613
0.549872
0.661553
0.711901
0.314445
0.039900
0.974506
0.223564
1.001761
0.939306
0.151341
0.417055
0.363120
0.557243
0.266956
0.244573
0.698428
0.200724
0.722301
0.731999
0.130283
0.342521
0.419636
0.555874
0.110124
0.085583
0.737159
0.260302
0.746294
0.801495
0.246987
0.456455
0.618514
0.691514
0.224365
-0.090329
0.953506
0.111764
0.939306
1.001761
0.075283
0.285342
0.271372
0.416461
0.134345
0.127295
0.758707
0.196843
0.762553
0.812836
0.125610
0.283755
0.385778
0.539114
0.074257
0.017570
-0.222992
0.006625
-0.203051
-0.167070
0.332961
0.135537
0.098737
0.027702
0.187651
0.402672
0.164804
0.397942
0.151341
0.075283
1.001761
0.337289
0.269158
0.329008
0.414234
0.428127
-0.231097
-0.074875
-0.217686
-0.182516
0.315011
-0.055656
-0.058401
-0.102186
-0.107531
0.101659
0.206363
0.192313
0.251185
0.212957
0.319505
0.740022
0.671459
0.491288
0.422402
0.560822
0.356691
0.232108
0.417055
0.285342
0.337289
1.001761
0.802679
0.745393
0.395408
0.804683
0.204967
0.143254
0.260974
0.199722
0.227795
0.679975
0.640272
0.484059
0.278368
0.592013
0.194546
0.143545
0.228484
0.208026
0.248833
0.571521
0.692487
0.439940
0.343230
0.447417
0.332943
0.195342
0.363120
0.271372
0.269158
0.802679
1.001761
0.773163
0.309973
0.728653
0.187233
0.100417
0.227080
0.188684
0.168778
0.485711
0.663731
0.441248
0.198136
0.440103
0.376831
0.164139
0.407934
0.372976
0.381346
0.643393
0.684463
0.616718
0.393990
0.341799
0.514250
0.230689
0.557243
0.416461
0.329008
0.745393
0.773163
1.001761
0.313331
0.612120
0.358757
0.086894
0.395695
0.342874
0.215730
0.453686
0.550560
0.603510
0.143368
0.311201
-0.104505
0.009143
-0.081773
-0.072624
0.201128
0.230381
0.178323
0.095519
0.449927
0.345615
0.240991
0.412345
0.266956
0.134345
0.414234
0.395408
0.309973
0.313331
1.001761
0.369728
-0.128346
-0.077610
-0.103936
-0.110537
-0.012684
0.060361
0.037184
-0.030467
0.390088
0.078217
-0.042716
0.054553
-0.005533
-0.019922
0.284106
0.508211
0.450092
0.258037
0.332370
0.689343
0.228155
0.280215
0.244573
0.127295
0.428127
0.804683
0.728653
0.612120
0.369728
1.001761
-0.037554
-0.003201
-0.001002
-0.022776
0.170869
0.390846
0.380644
0.215583
0.111290
0.592369
0.971246
0.353194
0.971183
0.964441
0.213495
0.536258
0.689448
0.831779
0.186055
-0.254138
0.716324
-0.111887
0.698428
0.758707
-0.231097
0.204967
0.187233
0.358757
-0.128346
-0.037554
1.001761
0.360554
0.995457
0.985747
0.216956
0.476658
0.574985
0.788810
0.243958
0.093657
0.297531
0.913650
0.303572
0.287995
0.036135
0.248570
0.300407
0.293267
0.090810
-0.051359
0.195142
0.409723
0.200724
0.196843
-0.074875
0.143254
0.100417
0.086894
-0.077610
-0.003201
0.360554
1.001761
0.365741
0.346451
0.225826
0.361468
0.369014
0.360388
0.233438
0.219508
0.966836
0.358670
0.972095
0.960808
0.239273
0.591250
0.730849
0.857430
0.219554
-0.205512
0.720951
-0.102422
0.722301
0.762553
-0.217686
0.260974
0.227080
0.395695
-0.103936
-0.001002
0.995457
0.365741
1.001761
0.979299
0.237191
0.530340
0.619433
0.817759
0.269967
0.139202
0.942739
0.344151
0.943207
0.960902
0.207082
0.510501
0.677177
0.811055
0.177505
-0.232263
0.752872
-0.083341
0.731999
0.812836
-0.182516
0.199722
0.188684
0.342874
-0.110537
-0.022776
0.985747
0.346451
0.979299
1.001761
0.209514
0.439068
0.544287
0.748735
0.209514
0.079787
0.119827
0.077640
0.150814
0.123740
0.806742
0.566537
0.449612
0.453550
0.427426
0.505831
0.142168
-0.073787
0.130283
0.125610
0.315011
0.227795
0.168778
0.215730
-0.012684
0.170869
0.216956
0.225826
0.237191
0.209514
1.001761
0.569187
0.519436
0.548655
0.494708
0.618712
0.414191
0.278319
0.456577
0.391098
0.473300
0.867333
0.756297
0.668629
0.474033
0.459606
0.287609
-0.092602
0.342521
0.283755
-0.055656
0.679975
0.485711
0.453686
0.060361
0.390846
0.476658
0.361468
0.530340
0.439068
0.569187
1.001761
0.893832
0.802491
0.615522
0.811882
0.527839
0.301555
0.564872
0.513508
0.435691
0.817712
0.885659
0.753724
0.434485
0.346843
0.381255
-0.069078
0.419636
0.385778
-0.058401
0.640272
0.663731
0.550560
0.037184
0.380644
0.574985
0.369014
0.619433
0.544287
0.519436
0.893832
1.001761
0.856940
0.533457
0.687720
0.745524
0.295836
0.772599
0.723288
0.503939
0.817009
0.862839
0.911758
0.431054
0.175634
0.531997
-0.119848
0.555874
0.539114
-0.102186
0.484059
0.441248
0.603510
-0.030467
0.215583
0.788810
0.360388
0.817759
0.748735
0.548655
0.802491
0.856940
1.001761
0.503413
0.512014
0.164242
0.105193
0.189448
0.143823
0.395004
0.511122
0.410185
0.376406
0.701058
0.334607
0.094709
-0.128440
0.110124
0.074257
-0.107531
0.278368
0.198136
0.143368
0.390088
0.111290
0.243958
0.233438
0.269967
0.209514
0.494708
0.615522
0.533457
0.503413
1.001761
0.538795
0.007078
0.119415
0.051108
0.003744
0.500195
0.688593
0.515836
0.369310
0.439185
0.768648
0.049647
-0.045735
0.085583
0.017570
0.101659
0.592013
0.440103
0.311201
0.078217
0.592369
0.093657
0.219508
0.139202
0.079787
0.618712
0.811882
0.687720
0.512014
0.538795
1.001761
